!Created with skrf (http://scikit-rf.org).
# GHz S RI R 50.0 
!freq ReS11 ImS11
1.0 0.0017782794100389228 0.0
1.0225 0.0017782794100389228 0.0
1.045 0.0017782794100389228 0.0
1.0675 0.0017782794100389228 0.0
1.09 0.0017782794100389228 0.0
1.1125 0.0017782794100389228 0.0
1.135 0.0017782794100389228 0.0
1.1575 0.0017782794100389228 0.0
1.18 0.0017782794100389228 0.0
1.2025 0.0017782794100389228 0.0
1.225 0.0017782794100389228 0.0
1.2475 0.0017782794100389228 0.0
1.27 0.0017782794100389228 0.0
1.2925 0.0017782794100389228 0.0
1.315 0.0017782794100389228 0.0
1.3375 0.0017782794100389228 0.0
1.36 0.0017782794100389228 0.0
1.3825 0.0017782794100389228 0.0
1.405 0.0017782794100389228 0.0
1.4275 0.0017782794100389228 0.0
1.45 0.0017782794100389228 0.0
1.4725 0.0017782794100389228 0.0
1.495 0.0017782794100389228 0.0
1.5175 0.0017782794100389228 0.0
1.54 0.0017782794100389228 0.0
1.5625 0.0017782794100389228 0.0
1.585 0.0017782794100389228 0.0
1.6075 0.0017782794100389228 0.0
1.63 0.0017782794100389228 0.0
1.6525 0.0017782794100389228 0.0
1.675 0.0017782794100389228 0.0
1.6975 0.0017782794100389228 0.0
1.72 0.0017782794100389228 0.0
1.7425 0.0017782794100389228 0.0
1.765 0.0017782794100389228 0.0
1.7875 0.0017782794100389228 0.0
1.81 0.0017782794100389228 0.0
1.8325 0.0017782794100389228 0.0
1.855 0.0017782794100389228 0.0
1.8775 0.0017782794100389228 0.0
1.9 0.0017782794100389228 0.0
1.9225 0.0017782794100389228 0.0
1.945 0.0017782794100389228 0.0
1.9675 0.0017782794100389228 0.0
1.99 0.0017782794100389228 0.0
2.0125 0.0017782794100389228 0.0
2.035 0.0017782794100389228 0.0
2.0575 0.0017782794100389228 0.0
2.08 0.0017782794100389228 0.0
2.1025 0.0017782794100389228 0.0
2.125 0.0017782794100389228 0.0
2.1475 0.0017782794100389228 0.0
2.17 0.0017782794100389228 0.0
2.1925 0.0017782794100389228 0.0
2.215 0.0017782794100389228 0.0
2.2375 0.0017782794100389228 0.0
2.26 0.0017782794100389228 0.0
2.2825 0.0017782794100389228 0.0
2.305 0.0017782794100389228 0.0
2.3275 0.0017782794100389228 0.0
2.35 0.0017782794100389228 0.0
2.3725 0.0017782794100389228 0.0
2.395 0.0017782794100389228 0.0
2.4175 0.0017782794100389228 0.0
2.44 0.0017782794100389228 0.0
2.4625 0.0017782794100389228 0.0
2.485 0.0017782794100389228 0.0
2.5075 0.0017782794100389228 0.0
2.53 0.0017782794100389228 0.0
2.5525 0.0017782794100389228 0.0
2.575 0.0017782794100389228 0.0
2.5975 0.0017782794100389228 0.0
2.62 0.0017782794100389228 0.0
2.6425 0.0017782794100389228 0.0
2.665 0.0017782794100389228 0.0
2.6875 0.0017782794100389228 0.0
2.71 0.0017782794100389228 0.0
2.7325 0.0017782794100389228 0.0
2.755 0.0017782794100389228 0.0
2.7775 0.0017782794100389228 0.0
2.8 0.0017782794100389228 0.0
2.8225 0.0017782794100389228 0.0
2.845 0.0017782794100389228 0.0
2.8675 0.0017782794100389228 0.0
2.89 0.0017782794100389228 0.0
2.9125 0.0017782794100389228 0.0
2.935 0.0017782794100389228 0.0
2.9575 0.0017782794100389228 0.0
2.98 0.0017782794100389228 0.0
3.0025 0.0017782794100389228 0.0
3.025 0.0017782794100389228 0.0
3.0475 0.0017782794100389228 0.0
3.07 0.0017782794100389228 0.0
3.0925 0.0017782794100389228 0.0
3.115 0.0017782794100389228 0.0
3.1375 0.0017782794100389228 0.0
3.16 0.0017782794100389228 0.0
3.1825 0.0017782794100389228 0.0
3.205 0.0017782794100389228 0.0
3.2275 0.0017782794100389228 0.0
3.25 0.0017782794100389228 0.0
3.2725 0.0017782794100389228 0.0
3.295 0.0017782794100389228 0.0
3.3175 0.0017782794100389228 0.0
3.34 0.0017782794100389228 0.0
3.3625 0.0017782794100389228 0.0
3.385 0.0017782794100389228 0.0
3.4075 0.0017782794100389228 0.0
3.43 0.0017782794100389228 0.0
3.4525 0.0017782794100389228 0.0
3.475 0.0017782794100389228 0.0
3.4975 0.0017782794100389228 0.0
3.52 0.0017782794100389228 0.0
3.5425 0.0017782794100389228 0.0
3.565 0.0017782794100389228 0.0
3.5875 0.0017782794100389228 0.0
3.61 0.0017782794100389228 0.0
3.6325 0.0017782794100389228 0.0
3.655 0.0017782794100389228 0.0
3.6775 0.0017782794100389228 0.0
3.7 0.0017782794100389228 0.0
3.7225 0.0017782794100389228 0.0
3.745 0.0017782794100389228 0.0
3.7675 0.0017782794100389228 0.0
3.79 0.0017782794100389228 0.0
3.8125 0.0017782794100389228 0.0
3.835 0.0017782794100389228 0.0
3.8575 0.0017782794100389228 0.0
3.88 0.0017782794100389228 0.0
3.9025 0.0017782794100389228 0.0
3.925 0.0017782794100389228 0.0
3.9475 0.0017782794100389228 0.0
3.97 0.0017782794100389228 0.0
3.9925 0.0017782794100389228 0.0
4.015 0.0017782794100389228 0.0
4.0375 0.0017782794100389228 0.0
4.06 0.0017782794100389228 0.0
4.0825 0.0017782794100389228 0.0
4.105 0.0017782794100389228 0.0
4.1275 0.0017782794100389228 0.0
4.15 0.0017782794100389228 0.0
4.1725 0.0017782794100389228 0.0
4.195 0.0017782794100389228 0.0
4.2175 0.0017782794100389228 0.0
4.24 0.0017782794100389228 0.0
4.2625 0.0017782794100389228 0.0
4.285 0.0017782794100389228 0.0
4.3075 0.0017782794100389228 0.0
4.33 0.0017782794100389228 0.0
4.3525 0.0017782794100389228 0.0
4.375 0.0017782794100389228 0.0
4.3975 0.0017782794100389228 0.0
4.42 0.0017782794100389228 0.0
4.4425 0.0017782794100389228 0.0
4.465 0.0017782794100389228 0.0
4.4875 0.0017782794100389228 0.0
4.51 0.0017782794100389228 0.0
4.5325 0.0017782794100389228 0.0
4.555 0.0017782794100389228 0.0
4.5775 0.0017782794100389228 0.0
4.6 0.0017782794100389228 0.0
4.6225 0.0017782794100389228 0.0
4.645 0.0017782794100389228 0.0
4.6675 0.0017782794100389228 0.0
4.69 0.0017782794100389228 0.0
4.7125 0.0017782794100389228 0.0
4.735 0.0017782794100389228 0.0
4.7575 0.0017782794100389228 0.0
4.78 0.0017782794100389228 0.0
4.8025 0.0017782794100389228 0.0
4.825 0.0017782794100389228 0.0
4.8475 0.0017782794100389228 0.0
4.87 0.0017782794100389228 0.0
4.8925 0.0017782794100389228 0.0
4.915 0.0017782794100389228 0.0
4.9375 0.0017782794100389228 0.0
4.96 0.0017782794100389228 0.0
4.9825 0.0017782794100389228 0.0
5.005 0.0017782794100389228 0.0
5.0275 0.0017782794100389228 0.0
5.05 0.0017782794100389228 0.0
5.0725 0.0017782794100389228 0.0
5.095 0.0017782794100389228 0.0
5.1175 0.0017782794100389228 0.0
5.14 0.0017782794100389228 0.0
5.1625 0.0017782794100389228 0.0
5.185 0.0017782794100389228 0.0
5.2075 0.0017782794100389228 0.0
5.23 0.0017782794100389228 0.0
5.2525 0.0017782794100389228 0.0
5.275 0.0017782794100389228 0.0
5.2975 0.0017782794100389228 0.0
5.32 0.0017782794100389228 0.0
5.3425 0.0017782794100389228 0.0
5.365 0.0017782794100389228 0.0
5.3875 0.0017782794100389228 0.0
5.41 0.0017782794100389228 0.0
5.4325 0.0017782794100389228 0.0
5.455 0.0017782794100389228 0.0
5.4775 0.0017782794100389228 0.0
5.5 0.0017782794100389228 0.0
5.5225 0.0017782794100389228 0.0
5.545 0.0017782794100389228 0.0
5.5675 0.0017782794100389228 0.0
5.59 0.0017782794100389228 0.0
5.6125 0.0017782794100389228 0.0
5.635 0.0017782794100389228 0.0
5.6575 0.0017782794100389228 0.0
5.68 0.0017782794100389228 0.0
5.7025 0.0017782794100389228 0.0
5.725 0.0017782794100389228 0.0
5.7475 0.0017782794100389228 0.0
5.77 0.0017782794100389228 0.0
5.7925 0.0017782794100389228 0.0
5.815 0.0017782794100389228 0.0
5.8375 0.0017782794100389228 0.0
5.86 0.0017782794100389228 0.0
5.8825 0.0017782794100389228 0.0
5.905 0.0017782794100389228 0.0
5.9275 0.0017782794100389228 0.0
5.95 0.0017782794100389228 0.0
5.9725 0.0017782794100389228 0.0
5.995 0.0017782794100389228 0.0
6.0175 0.0017782794100389228 0.0
6.04 0.0017782794100389228 0.0
6.0625 0.0017782794100389228 0.0
6.085 0.0017782794100389228 0.0
6.1075 0.0017782794100389228 0.0
6.13 0.0017782794100389228 0.0
6.1525 0.0017782794100389228 0.0
6.175 0.0017782794100389228 0.0
6.1975 0.0017782794100389228 0.0
6.22 0.0017782794100389228 0.0
6.2425 0.0017782794100389228 0.0
6.265 0.0017782794100389228 0.0
6.2875 0.0017782794100389228 0.0
6.31 0.0017782794100389228 0.0
6.3325 0.0017782794100389228 0.0
6.355 0.0017782794100389228 0.0
6.3775 0.0017782794100389228 0.0
6.4 0.0017782794100389228 0.0
6.4225 0.0017782794100389228 0.0
6.445 0.0017782794100389228 0.0
6.4675 0.0017782794100389228 0.0
6.49 0.0017782794100389228 0.0
6.5125 0.0017782794100389228 0.0
6.535 0.0017782794100389228 0.0
6.5575 0.0017782794100389228 0.0
6.58 0.0017782794100389228 0.0
6.6025 0.0017782794100389228 0.0
6.625 0.0017782794100389228 0.0
6.6475 0.0017782794100389228 0.0
6.67 0.0017782794100389228 0.0
6.6925 0.0017782794100389228 0.0
6.715 0.0017782794100389228 0.0
6.7375 0.0017782794100389228 0.0
6.76 0.0017782794100389228 0.0
6.7825 0.0017782794100389228 0.0
6.805 0.0017782794100389228 0.0
6.8275 0.0017782794100389228 0.0
6.85 0.0017782794100389228 0.0
6.8725 0.0017782794100389228 0.0
6.895 0.0017782794100389228 0.0
6.9175 0.0017782794100389228 0.0
6.94 0.0017782794100389228 0.0
6.9625 0.0017782794100389228 0.0
6.985 0.0017782794100389228 0.0
7.0075 0.0017782794100389228 0.0
7.03 0.0017782794100389228 0.0
7.0525 0.0017782794100389228 0.0
7.075 0.0017782794100389228 0.0
7.0975 0.0017782794100389228 0.0
7.12 0.0017782794100389228 0.0
7.1425 0.0017782794100389228 0.0
7.165 0.0017782794100389228 0.0
7.1875 0.0017782794100389228 0.0
7.21 0.0017782794100389228 0.0
7.2325 0.0017782794100389228 0.0
7.255 0.0017782794100389228 0.0
7.2775 0.0017782794100389228 0.0
7.3 0.0017782794100389228 0.0
7.3225 0.0017782794100389228 0.0
7.345 0.0017782794100389228 0.0
7.3675 0.0017782794100389228 0.0
7.39 0.0017782794100389228 0.0
7.4125 0.0017782794100389228 0.0
7.435 0.0017782794100389228 0.0
7.4575 0.0017782794100389228 0.0
7.48 0.0017782794100389228 0.0
7.5025 0.0017782794100389228 0.0
7.525 0.0017782794100389228 0.0
7.5475 0.0017782794100389228 0.0
7.57 0.0017782794100389228 0.0
7.5925 0.0017782794100389228 0.0
7.615 0.0017782794100389228 0.0
7.6375 0.0017782794100389228 0.0
7.66 0.0017782794100389228 0.0
7.6825 0.0017782794100389228 0.0
7.705 0.0017782794100389228 0.0
7.7275 0.0017782794100389228 0.0
7.75 0.0017782794100389228 0.0
7.7725 0.0017782794100389228 0.0
7.795 0.0017782794100389228 0.0
7.8175 0.0017782794100389228 0.0
7.84 0.0017782794100389228 0.0
7.8625 0.0017782794100389228 0.0
7.885 0.0017782794100389228 0.0
7.9075 0.0017782794100389228 0.0
7.93 0.0017782794100389228 0.0
7.9525 0.0017782794100389228 0.0
7.975 0.0017782794100389228 0.0
7.9975 0.0017782794100389228 0.0
8.02 0.0017782794100389228 0.0
8.0425 0.0017782794100389228 0.0
8.065 0.0017782794100389228 0.0
8.0875 0.0017782794100389228 0.0
8.11 0.0017782794100389228 0.0
8.1325 0.0017782794100389228 0.0
8.155 0.0017782794100389228 0.0
8.1775 0.0017782794100389228 0.0
8.2 0.0017782794100389228 0.0
8.2225 0.0017782794100389228 0.0
8.245 0.0017782794100389228 0.0
8.2675 0.0017782794100389228 0.0
8.29 0.0017782794100389228 0.0
8.3125 0.0017782794100389228 0.0
8.335 0.0017782794100389228 0.0
8.3575 0.0017782794100389228 0.0
8.38 0.0017782794100389228 0.0
8.4025 0.0017782794100389228 0.0
8.425 0.0017782794100389228 0.0
8.4475 0.0017782794100389228 0.0
8.47 0.0017782794100389228 0.0
8.4925 0.0017782794100389228 0.0
8.515 0.0017782794100389228 0.0
8.5375 0.0017782794100389228 0.0
8.56 0.0017782794100389228 0.0
8.5825 0.0017782794100389228 0.0
8.605 0.0017782794100389228 0.0
8.6275 0.0017782794100389228 0.0
8.65 0.0017782794100389228 0.0
8.6725 0.0017782794100389228 0.0
8.695 0.0017782794100389228 0.0
8.7175 0.0017782794100389228 0.0
8.74 0.0017782794100389228 0.0
8.7625 0.0017782794100389228 0.0
8.785 0.0017782794100389228 0.0
8.8075 0.0017782794100389228 0.0
8.83 0.0017782794100389228 0.0
8.8525 0.0017782794100389228 0.0
8.875 0.0017782794100389228 0.0
8.8975 0.0017782794100389228 0.0
8.92 0.0017782794100389228 0.0
8.9425 0.0017782794100389228 0.0
8.965 0.0017782794100389228 0.0
8.9875 0.0017782794100389228 0.0
9.01 0.0017782794100389228 0.0
9.0325 0.0017782794100389228 0.0
9.055 0.0017782794100389228 0.0
9.0775 0.0017782794100389228 0.0
9.1 0.0017782794100389228 0.0
9.1225 0.0017782794100389228 0.0
9.145 0.0017782794100389228 0.0
9.1675 0.0017782794100389228 0.0
9.19 0.0017782794100389228 0.0
9.2125 0.0017782794100389228 0.0
9.235 0.0017782794100389228 0.0
9.2575 0.0017782794100389228 0.0
9.28 0.0017782794100389228 0.0
9.3025 0.0017782794100389228 0.0
9.325 0.0017782794100389228 0.0
9.3475 0.0017782794100389228 0.0
9.37 0.0017782794100389228 0.0
9.3925 0.0017782794100389228 0.0
9.415 0.0017782794100389228 0.0
9.4375 0.0017782794100389228 0.0
9.46 0.0017782794100389228 0.0
9.4825 0.0017782794100389228 0.0
9.505 0.0017782794100389228 0.0
9.5275 0.0017782794100389228 0.0
9.55 0.0017782794100389228 0.0
9.5725 0.0017782794100389228 0.0
9.595 0.0017782794100389228 0.0
9.6175 0.0017782794100389228 0.0
9.64 0.0017782794100389228 0.0
9.6625 0.0017782794100389228 0.0
9.685 0.0017782794100389228 0.0
9.7075 0.0017782794100389228 0.0
9.73 0.0017782794100389228 0.0
9.7525 0.0017782794100389228 0.0
9.775 0.0017782794100389228 0.0
9.7975 0.0017782794100389228 0.0
9.82 0.0017782794100389228 0.0
9.8425 0.0017782794100389228 0.0
9.865 0.0017782794100389228 0.0
9.8875 0.0017782794100389228 0.0
9.91 0.0017782794100389228 0.0
9.9325 0.0017782794100389228 0.0
9.955 0.0017782794100389228 0.0
9.9775 0.0017782794100389228 0.0
10.0 0.0017782794100389228 0.0
